Matriz 1
4 4 7 1 2 5 9 6 0 3 8 2 0 4 6 4 1 5 7 6 
0 5 2 9 0 0 7 3 1 6 6 8 1 6 0 2 8 3 4 6 
7 4 2 3 8 3 2 4 7 7 8 3 0 0 9 0 6 2 5 5 
9 9 3 6 7 2 7 4 4 6 4 4 3 0 6 3 6 6 0 2 
0 6 3 6 7 4 1 3 7 7 3 1 7 9 4 0 1 3 0 4 
4 3 1 2 4 4 1 7 6 1 3 7 1 8 4 5 7 6 8 9 
1 2 1 6 9 2 4 8 3 0 3 9 7 1 0 1 4 8 4 7 
5 9 2 8 6 5 9 2 6 5 6 9 2 0 4 4 0 1 3 1 
3 2 5 8 3 1 1 2 1 2 3 7 5 9 3 1 1 8 1 2 
3 5 7 0 3 5 2 3 6 8 7 7 5 9 7 4 0 6 9 7 
0 1 9 4 1 6 5 1 4 1 4 3 8 3 8 2 7 5 3 4 
5 7 0 6 0 8 5 3 1 5 1 1 5 7 8 7 5 8 6 4 
2 5 3 5 8 7 9 0 8 7 2 4 2 7 7 7 3 0 3 5 
5 5 4 6 4 1 0 5 8 3 5 8 4 9 6 1 9 0 3 8 
2 5 5 8 5 2 1 3 1 6 1 0 8 5 1 1 6 7 9 9 
9 0 4 1 0 6 8 3 1 0 4 6 9 6 4 6 0 6 3 3 
6 6 0 3 0 6 4 9 1 5 4 0 1 3 8 2 0 2 8 3 
9 8 7 1 6 7 3 9 8 3 0 4 5 2 1 5 0 8 3 9 
0 4 7 2 5 7 2 8 9 3 9 3 4 8 4 2 7 0 2 4 
9 7 4 0 9 8 6 1 6 2 0 7 3 1 1 6 1 3 0 3 

Matriz 2
2 2 7 8 3 3 8 7 5 6 0 3 4 7 6 0 0 8 6 1 
3 9 3 2 4 8 5 7 8 8 0 7 3 0 4 2 9 2 2 4 
7 4 8 5 9 4 2 5 2 9 1 6 7 6 7 8 5 0 7 3 
9 1 5 2 5 6 7 7 5 4 6 0 7 0 5 5 5 9 4 0 
6 7 2 8 2 3 8 4 5 4 2 9 8 0 3 4 8 4 2 0 
0 5 9 8 9 7 6 1 8 0 3 4 2 3 5 9 9 8 0 4 
3 5 1 9 9 2 1 7 8 8 6 1 7 7 0 1 3 7 4 5 
1 9 7 5 1 1 6 6 4 6 6 2 8 8 9 0 5 4 2 1 
9 2 7 3 3 9 1 3 4 5 8 5 1 8 2 6 4 9 8 6 
4 4 7 8 4 6 5 7 4 1 1 0 7 8 4 0 0 7 6 3 
4 4 7 5 4 0 5 3 0 1 6 4 0 9 2 9 6 6 9 6 
2 1 0 4 7 7 1 5 7 0 9 8 6 0 3 5 6 7 4 6 
2 9 9 7 0 9 0 7 7 6 6 9 2 8 1 1 2 8 5 3 
2 7 5 3 3 6 5 4 4 7 0 0 8 8 4 3 6 3 6 7 
0 4 1 5 1 3 0 6 4 7 9 0 3 1 6 3 6 3 6 7 
3 3 5 7 7 1 8 6 8 3 1 2 6 9 7 3 8 6 7 3 
1 5 9 1 3 6 5 6 7 7 3 4 9 6 8 5 8 0 5 0 
2 5 7 0 8 2 9 6 2 7 5 0 6 5 6 0 4 7 9 2 
8 3 3 8 5 8 1 7 1 0 0 9 3 0 7 4 6 4 2 7 
1 1 6 5 3 0 3 0 1 0 6 7 7 7 8 0 4 8 3 1 

Resultado 2
264 378 425 473 432 293 348 426 345 374 313 306 430 439 428 288 440 432 405 328 
279 312 385 338 374 353 321 415 360 316 321 276 462 374 365 259 402 418 372 263 
309 351 441 451 320 365 362 427 351 345 358 350 408 390 418 306 432 459 417 291 
306 421 465 456 398 396 436 519 469 468 358 333 483 421 420 265 451 501 449 265 
289 394 429 364 281 403 324 373 352 359 299 296 391 381 319 256 389 430 367 266 
285 386 480 426 385 402 399 433 394 361 363 386 498 448 503 294 510 487 424 325 
278 374 408 383 341 348 355 404 369 325 393 397 457 348 381 239 423 479 347 220 
347 363 381 478 432 423 361 473 466 360 376 363 411 351 341 325 461 532 394 325 
243 303 357 285 315 322 313 365 298 333 284 236 386 312 315 227 337 383 367 236 
356 453 541 543 467 487 386 506 416 408 388 438 491 525 493 360 522 559 526 442 
259 355 462 383 379 379 264 398 366 395 365 320 392 400 379 326 422 405 409 292 
256 432 499 460 426 434 426 506 470 426 324 285 471 440 474 261 491 515 430 329 
347 403 446 529 442 451 378 465 492 404 364 354 495 449 403 341 513 535 434 360 
326 399 506 417 341 464 364 460 421 419 404 405 506 464 472 339 499 486 461 330 
329 399 502 409 351 421 376 454 351 371 278 382 483 394 453 239 422 455 383 238 
206 355 432 458 394 332 320 419 397 369 324 299 380 458 352 240 362 488 408 305 
208 343 364 407 291 303 305 390 315 299 259 233 330 333 383 199 360 390 296 277 
324 460 566 515 450 430 459 480 461 452 359 445 503 512 509 276 487 574 446 292 
315 446 539 438 369 424 357 408 401 407 373 380 448 506 430 398 518 445 439 338 
252 345 386 450 393 364 364 382 444 346 270 371 386 354 332 263 414 460 338 246 

