869
474
516
271
174
581
501
106
439
91
925
194
565
172
82
779
661
938
954
105
798
899
166
250
752
91
419
10
431
654
765
425
721
398
237
309
116
820
692
156
650
131
522
734
241
511
383
760
131
531
572
248
789
680
663
594
20
175
748
620
163
628
14
88
49
94
467
449
17
919
405
45
330
960
912
229
246
836
681
624
109
834
733
660
958
413
94
674
925
60
198
685
222
353
353
420
298
68
997
691
369
878
277
725
165
450
22
705
698
93
265
608
397
541
323
356
775
302
636
343
870
635
585
82
771
817
964
102
46
187
630
326
305
263
722
650
729
817
632
687
864
265
743
666
932
515
214
421
885
739
462
764
416
945
978
194
684
182
904
527
436
978
887
994
963
890
453
880
283
955
64
827
168
272
853
183
281
130
269
115
555
177
606
336
962
453
616
837
517
688
629
335
441
472
122
723
488
581
475
832
221
173
894
220
629
745
20
506
708
494
262
650
93
211
722
399
802
804
227
714
646
619
696
775
871
465
587
640
648
280
66
352
163
405
209
40
898
984
787
728
84
981
890
918
97
507
725
817
250
536
950
431
338
746
338
189
533
835
762
780
199
833
438
755
170
607
42
897
11
634
500
762
96
967
678
580
274
712
734
549
39
714
689
940
516
426
593
499
511
481
899
268
517
223
677
941
468
97
411
753
59
921
218
867
172
832
699
282
682
339
844
147
495
522
786
307
145
384
699
734
766
979
651
598
55
577
933
88
156
487
373
285
608
150
480
449
661
873
396
261
607
662
94
14
216
363
520
397
795
939
139
418
917
148
274
465
530
462
187
245
738
872
826
87
468
703
229
413
683
904
831
240
854
891
836
650
490
320
12
943
572
121
266
683
532
801
458
37
103
34
110
667
883
29
1000
603
89
705
891
277
131
727
858
222
78
354
505
859
532
510
674
23
469
881
17
215
98
908
376
72
881
900
750
122
108
974
93
399
237
243
481
606
655
868
533
257
748
111
591
398
893
257
309
251
860
808
688
753
196
41
868
174
837
336
375
365
219
85
331
94
581
410
991
446
57
157
62
307
234
657
886
944
713
266
893
255
150
638
982
641
507
983
479
501
38
382
152
852
714
370
807
911
970
720
964
336
87
16
504
794
326
276
906
398
353
9
757
125
634
185
202
305
706
214
823
747
704
80
272
642
420
839
845
224
757
48
176
372
448
868
33
526
449
783
761
806
173
969
900
776
290
379
497
327
940
247
538
464
587
786
249
128
992
751
859
822
992
970
306
460
943
391
634
456
11
600
707
197
709
528
412
198
351
130
688
809
825
927
838
256
3
236
957
438
99
315
236
910
340
686
830
682
280
412
425
560
644
267
422
131
812
764
980
689
444
987
45
174
51
816
138
383
198
420
413
253
279
597
23
343
887
435
577
752
181
368
116
784
936
347
501
356
513
568
29
356
110
240
644
993
532
542
543
116
988
748
923
444
613
171
149
459
884
70
557
405
984
952
340
455
144
712
71
45
223
269
867
464
956
151
159
728
258
986
415
825
885
958
203
511
643
756
733
664
270
967
965
662
248
516
370
251
285
694
570
103
321
165
130
394
814
340
38
203
475
742
468
514
216
43
91
282
404
743
90
767
70
987
987
872
900
625
878
563
301
730
988
803
911
62
988
259
413
990
961
369
38
920
460
966
212
202
446
638
152
176
725
342
808
280
967
220
13
477
156
779
392
181
544
918
955
643
479
813
484
910
252
998
292
892
357
345
197
369
413
194
638
381
763
349
715
252
654
495
41
286
763
36
759
841
443
54
206
983
206
852
207
218
113
330
350
774
116
959
977
692
886
971
393
265
694
152
924
699
710
442
411
117
336
16
828
848
398
937
950
205
378
857
335
688
378
891
936
512
449
811
961
313
904
499
535
393
764
287
48
20
879
183
696
943
206
561
350
264
831
222
348
663
26
887
865
492
540
186
89
409
574
872
443
895
490
650
529
438
276
557
996
424
277
111
864
798
995
910
601
133
488
731
793
99
971
594
350
952
250
504
525
724
195
142
681
939
10
571
191
726
992
235
475
110
505
306
11
571
419
804
192
653
383
643
949
827
103
720
943
928
888
312
31
632
878
871
36
669
97
25
64
484
599
400
355
110
354
222
208
832
812
974
82
375
816
41
534
680
778
394
149
638
887
542
679
232
894
913
593
890
125
283
527
870
69
967
619
126
612
955
345
192
825
253
866
868
75
13
506
153
941
595
294
502
129
435
139
165
176
397
789
925
18
297
